world: 3-5
x: -229.77746447744306
y: 12.0
z: -722.5290752773342
yaw: -1.4998169
pitch: 21.299994
name: 3-5->4-4
