world: 3-5
x: -374.6779393364544
y: 14.0
z: -716.8804890813096
yaw: 5.850016
pitch: 30.899992
name: 3-5->4-5
