world: PrisonServer
x: -600.4787165589238
y: 4.0
z: 347.5096367328296
yaw: -357.98755
pitch: 13.949996
name: AnimalFarm
