world: Spawn
x: 1398.7046449095546
y: 101.0
z: 855.8901908091225
yaw: -267.7501
pitch: 82.950005
name: BattleSiegeControll
