world: Dropper
x: -100.09039563243105
y: 47.0
z: 57.53412698148944
yaw: -47.550396
pitch: 6.9000406
name: Dave
