world: Factions
x: 234.461903182961
y: 70.0
z: 277.45876192571234
yaw: -89.39917
pitch: 3.4500048
name: Factions
