world: world
x: 191.08994765756776
y: 117.0
z: 223.6027068974392
yaw: 94.00818
pitch: 5.345981
name: Football
