world: PrisonServer
x: -604.5448084879179
y: 5.0
z: 404.96904734887966
yaw: -359.33118
pitch: 1.8000059
name: Furnace
