world: PrisonServer
x: -809.6036562170059
y: 16.0
z: 94.42079238387524
yaw: -88.13191
pitch: 3.0000105
name: G
