world: Dropper
x: -135.46575957852556
y: 72.0
z: 22.45134149489806
yaw: 0.5999301
pitch: 6.300051
name: Help_Stuward
