world: PrisonServer
x: -642.4691676284726
y: 49.0
z: -142.5213618866455
yaw: -179.78194
pitch: 1.1999712
name: L
