world: PrisonServer
x: -663.5940444866545
y: 7.0
z: 293.4811389118087
yaw: 305.7685
pitch: 15.75001
name: lol
