world: PrisonServer
x: -821.6134715701677
y: 29.0
z: -60.54276754898075
yaw: -87.5433
pitch: 9.150047
name: P
