world: PaintWarArena5
x: 16.006737127568645
y: 73.0
z: 20.29383829408252
yaw: 122.25001
pitch: 8.849991
name: PaintWarArena5
