world: PaintWarArena3
x: 13.452579878392168
y: 73.0
z: 22.985341498137196
yaw: -206.09996
pitch: 9.599996
name: PaintWarArena3
