world: PrisonServer
x: -861.5660216329476
y: 9.0
z: 357.73747088157785
yaw: -0.15090942
pitch: 10.95
name: PrisonD
