world: PrisonServer
x: -830.2929144112327
y: 9.0
z: 345.7586092050828
yaw: -41.250732
pitch: -3.0000005
name: PrisonE
