world: Tutorial
x: 44.40501940989603
y: 111.0
z: -19.527274653486174
yaw: 270.59985
pitch: 8.400018
name: Question5
