world: Tutorial
x: 24.93232492373399
y: 111.0
z: -19.47236241062402
yaw: 271.6494
pitch: 9.450002
name: Question1
