world: Tutorial
x: 39.2755702436799
y: 111.0
z: -19.53242376741001
yaw: 270.60034
pitch: 8.250014
name: Question4
