world: PrisonServer
x: -823.6317925105119
y: 9.0
z: 314.52551053419654
yaw: -269.25037
pitch: 1.8000066
name: SpawnF
