world: PrisonServer
x: -886.30470702437
y: 9.0
z: 339.2970082435061
yaw: 224.54915
pitch: 15.299957
name: SpawnC
