world: SurvivalShop
x: 0.22853632096547988
y: 66.0
z: 0.40507823547277294
yaw: -269.85254
pitch: 6.7499943
name: sshop
