world: Tutorial
x: 0.522369337067417
y: 67.0
z: 0.21327486558310896
yaw: 179.69946
pitch: 11.400002
name: Tutorial
