world: SurvivalWorld
x: -566.0814481294344
y: 15.0
z: 165.90240794071366
yaw: -74.15588
pitch: 25.499945
name: wither
