world: 1-5
x: -272.042511860157
y: 9.0
z: -617.9850017029895
yaw: -22.949738
pitch: 50.85005
name: 1-5->4-5
