world: Dropper
x: -50.50417770396984
y: 93.0
z: 24.043210962725947
yaw: 90.450806
pitch: 2.2500484
name: Arcade_spawn
