world: Dropper
x: -136.55892235659422
y: 79.0
z: 60.54173197059566
yaw: -93.149475
pitch: 3.3000565
name: Help_technician
