world: Dropper
x: 2.383042780017078
y: 65.0
z: 11.887614023670675
yaw: -179.7008
pitch: 14.550036
name: Help_Tom
