world: Dropper
x: -45.723701561519256
y: 143.0
z: -35.28483097885771
yaw: -268.19952
pitch: 5.250072
name: Help_Miner
