world: PrisonServer
x: -684.4169896587048
y: 40.5
z: 92.46924907507095
yaw: -0.23086548
pitch: 11.099927
name: I
