world: Dropper
x: -7.852949343351069
y: 79.0
z: 125.50178882279837
yaw: -91.80063
pitch: 1.950039
name: Maffia_Bos
