world: Dropper
x: -134.66410208467877
y: 73.0
z: 21.405761857961544
yaw: 90.45105
pitch: 7.800001
name: Parkour
