world: Event
x: 13.309617996612475
y: 75.375
z: -2.2395909392811557
yaw: -179.85077
pitch: 5.3999815
name: Player1
