world: Event
x: 12.915144602385885
y: 75.25
z: -26.13234231840805
yaw: -0.7508545
pitch: 4.649978
name: Player2
