world: PrisonServer
x: -862.403652504614
y: 9.0
z: 314.5495127759808
yaw: 271.72226
pitch: 7.200001
name: PrisonSpawn
