world: PrisonServer
x: -861.5106261548973
y: 9.0
z: 271.3986764846557
yaw: -177.9008
pitch: -8.100003
name: PrisonA+
