world: PrisonServer
x: -904.544820229863
y: 9.0
z: 314.36237103407626
yaw: 91.34917
pitch: 5.399957
name: PrisonB
