world: Tutorial
x: 34.24656466393636
y: 111.0
z: -19.552891835602722
yaw: 271.80054
pitch: 8.550001
name: Question3
