world: SurvivalWorld
x: -499.9345228026568
y: 93.5
z: 77.98700628065644
yaw: -90.659615
pitch: 4.950002
name: SkyCity
