world: PrisonServer
x: -837.5489483814608
y: 9.0
z: 290.50668528758285
yaw: 43.64926
pitch: 8.100018
name: SpawnA++
