world: PrisonServer
x: -836.6169160950041
y: 9.0
z: 339.35194517165684
yaw: -224.55078
pitch: 14.24999
name: SpawnE
