world: 3-6
x: -9.343591273592734
y: 16.0
z: 637.287543040428
yaw: 1.3500745
pitch: 28.799994
name: staff3-6
