world: 1-5
x: -283.76151136608974
y: 12.0
z: -477.69999998807907
yaw: -181.2002
pitch: 42.450012
name: 1-5->4-4
