world: BattleSiegeArena1
x: -319.69999998807907
y: 2.0
z: 583.4647875164703
yaw: -174.1499
pitch: 88.49999
name: '...'
