world: PrisonVoteShop
x: -0.437286250090662
y: 70.35612296394295
z: -1.4314344347660992
yaw: -29.250002
pitch: 52.049995
name: '.....'
