world: PrisonServer
x: -669.4061580633808
y: 47.0
z: 190.3995917966971
yaw: 177.81833
pitch: 2.5499673
name: D
