world: PrisonServer
x: -830.5249190083704
y: 236.0
z: -5.460470042411121
yaw: -178.28127
pitch: 0.15008488
name: E
