world: KitPvP
x: -659.5567526631969
y: 5.0
z: -964.3000000119209
yaw: 179.40002
pitch: 5.550005
name: Enderchest
