world: PrisonServer
x: -886.4708739785705
y: 45.0
z: -30.52141561452843
yaw: 270.3681
pitch: 0.74997294
name: F
