world: Dropper
x: -90.3946623438317
y: 69.0
z: 119.519222109231
yaw: 217.80124
pitch: -1.0501194
name: KingOfTheHill
