world: Dropper
x: 22.424674004310855
y: 150.0
z: 74.64055244150246
yaw: -91.19954
pitch: 13.049985
name: Lost_Guy
