world: PrisonServer
x: -848.7600019072178
y: 56.0
z: -145.48941275980008
yaw: -269.63162
pitch: 0.44994995
name: N
