world: PrisonServer
x: -737.5296715526059
y: 4.0
z: -104.43796114753715
yaw: -0.84317017
pitch: 1.5000011
name: O
