world: PaintWarArena2
x: 8.789230611903443
y: 73.0
z: 24.520887644783066
yaw: 153.59998
pitch: 11.549997
name: PaintWarArena2
