world: PaintWarArena4
x: -25.16121392600978
y: 73.0
z: 9.43790779778027
yaw: -100.79937
pitch: 20.549967
name: PaintWarArena4
