world: PrisonServer
x: -892.5957722151645
y: 9.0
z: 345.56192722144885
yaw: 45.899155
pitch: 1.5000038
name: PrisonC
