world: PrisonServer
x: -829.4457497093022
y: 9.0
z: 282.41981943112967
yaw: -135.15079
pitch: 9.749979
name: PrisonA++
