world: PrisonServer
x: -892.054729724099
y: 9.0
z: 283.8476175470865
yaw: 134.39923
pitch: 7.3499565
name: PrisonA
