world: PrisonPvPArena
x: 0.37132263582501857
y: 66.0
z: 0.39358510166516303
yaw: -178.04999
pitch: 11.549998
name: PvP
