world: Dropper
x: 18.21532017303604
y: 101.0
z: -51.52654305458462
yaw: -90.3006
pitch: -6.1499743
name: Slime_King
