world: PrisonServer
x: -861.5541739526294
y: 9.0
z: 351.31172245821534
yaw: -180.00092
pitch: 8.550004
name: SpawnD
