world: PrisonServer
x: -861.4930999789541
y: 9.0
z: 278.6213213149311
yaw: -0.90077215
pitch: 10.950002
name: SpawnA+
