world: PrisonServer
x: -898.2487866222317
y: 9.0
z: 314.4826762213521
yaw: 271.9492
pitch: 10.199955
name: SpawnB
