world: KitPvP
x: -727.2972727775307
y: 15.0
z: -861.5877848360228
yaw: 351.3
pitch: 14.399999
name: Spectate
