world: TestWorld
x: 108.4896384687843
y: 107.0
z: 123.423464251987
yaw: 178.94464
pitch: 18.449951
name: Staff
