world: Dropper
x: -160.11064252273803
y: 85.0
z: -28.423302487654546
yaw: -261.89908
pitch: 1.8000135
name: Witch
