world: Tutorial
x: 50.38727657177434
y: 119.0
z: 16.51635384762144
yaw: -90.299255
pitch: 8.700001
name: WrongAnswer
