spawns: 
  default: 
    world: KitPvPMap
    x: 809.7702989441767
    y: 10.0
    z: 482.92810632651174
    yaw: -179.8525
    pitch: 3.3000412
