world: normal
x: -322.50739672893474
y: 89.0
z: -81.26976805193074
yaw: 359.60657
pitch: 23.99027
name: survival
