world: Event
x: -2.9095360025676626
y: 66.0
z: 0.33587185992618473
yaw: 270.0001
pitch: 17.40003
name: Player1
