world: Event
x: 2.3582865946365823
y: 66.0
z: 0.5605827530460895
yaw: 93.45011
pitch: 16.500023
name: Player2
