world: ArcticMC-Game
x: 140.50735709869258
y: 9.0
z: 759.2443483245106
yaw: -91.25006
pitch: 48.899994
name: arena
