world: PrisonServer
x: -817.5483652017344
y: 4.0
z: -6.545149689609778
yaw: 0.06932516
pitch: 10.350009
name: A
