world: PrisonServer
x: -348.4949783740394
y: 5.0
z: 96.54652929932111
yaw: -359.933
pitch: 5.1000037
name: AnimalFarm
