world: PrisonServer
x: -783.5014673485306
y: 52.0
z: 148.49191760968586
yaw: -89.186646
pitch: 0.45000607
name: B
