world: PrisonServer
x: -878.6213274028404
y: 20.0
z: 150.51465002560127
yaw: 90.517525
pitch: -1.4534593E-5
name: C
