world: PrisonServer
x: -907.3069741591686
y: 17.0
z: 571.2095580632271
yaw: 1.5017813
pitch: 9.44995
name: DiamondVIP
