world: PrisonServer
x: -1275.5634101994153
y: 70.0
z: -33.5768431409429
yaw: 181.54828
pitch: 1.2000035
name: E
