world: PrisonServer
x: -489.66341620453545
y: 5.0
z: 450.4782741434472
yaw: -90.08049
pitch: 5.399993
name: Enchant
