world: PrisonServer
x: -400.94829748225203
y: 9.0
z: -2009.52807715253
yaw: -267.53088
pitch: 9.150028
name: F
