world: PrisonServer
x: -399.2540139334945
y: 10.0
z: -1753.8420941153165
yaw: -168.23438
pitch: -35.100044
name: G
