world: PrisonServer
x: -411.4238842641143
y: 9.0
z: -1610.1942151805536
yaw: 270.07214
pitch: 3.4499557
name: H
