world: PrisonServer
x: -352.64236159712317
y: 10.0
z: -1357.2865424664924
yaw: -179.6283
pitch: 18.449982
name: I
