world: PrisonServer
x: -385.1681354797099
y: 9.0
z: -1219.0887168581914
yaw: 181.72198
pitch: -1.0499927
name: J
