world: PrisonServer
x: -387.41672983736186
y: 20.0
z: -1110.1051768823252
yaw: -179.77832
pitch: 3.3000011
name: K
