world: PrisonServer
x: -416.68007469610546
y: 8.0
z: -945.9695393104557
yaw: -159.07849
pitch: -0.4499781
name: L
