world: PrisonServer
x: -420.30000001192093
y: 11.0
z: -746.473501821841
yaw: -181.12537
pitch: 7.199994
name: M
