world: PrisonServer
x: -426.8772989308078
y: 10.0
z: -602.9890390967372
yaw: -178.57648
pitch: 1.4401493
name: N
