world: PrisonServer
x: -411.6087016175064
y: 9.0
z: -425.98632378401766
yaw: 199.87343
pitch: 3.3901448
name: O
