world: PrisonServer
x: -413.5207178338357
y: 9.0
z: -285.50336475752704
yaw: -180.31305
pitch: -3.7499983
name: P
