world: PrisonServer
x: -819.2123417971903
y: 9.0
z: 314.629760846919
yaw: -89.99991
pitch: 5.3999953
name: PrisonF
