world: PrisonServer
x: -737.4759560579065
y: 9.0
z: 593.4978115993995
yaw: 180.00024
pitch: 4.5000014
name: PrisonZ
