spawns: 
  default: 
    world: normal
    x: -322.1974304375005
    y: 89.0
    z: -81.41940952099972
    yaw: 3.5988166
    pitch: 46.148415
