spawns: 
  default: 
    world: OrbitMinesHub
    x: 331.06198745279903
    y: 119.0
    z: -63.99336118623098
    yaw: -89.06325
    pitch: 7.5000024
