spawns: 
  default: 
    world: Hub
    x: -396.5737726302628
    y: 15.0
    z: 1032.4585915996718
    yaw: 179.2499
    pitch: 3.3000004
