spawns: 
  default: 
    world: KitPvPLobby
    x: -48.48948134125134
    y: 9.0
    z: -1094.506596379667
    yaw: -180.14868
    pitch: 1.3499942
