world: world
x: 94.69999998807907
y: 73.0
z: 282.4978795534762
yaw: -296.54977
pitch: 14.250018
name: Town5
