world: world
x: -37.660885119279385
y: 144.0
z: 2.880439221167295
yaw: 254.85086
pitch: 10.950002
name: Town8
