world: world
x: -294.73807381010107
y: 117.625
z: -226.5601019038046
yaw: 110.250946
pitch: 14.54991
name: Town7
