world: world
x: -219.04830889979453
y: 97.0
z: 350.0098451831794
yaw: 174.00256
pitch: 7.799907
name: Town3
