world: world
x: -68.56332008841193
y: 107.0
z: -292.25760928775725
yaw: -243.3013
pitch: 13.65001
name: Town4
