world: world
x: 103.30884994661666
y: 80.0
z: -90.46098605785912
yaw: 89.85072
pitch: 4.199992
name: Town1
