world: world
x: -246.75852582158893
y: 85.0
z: -61.55927629669335
yaw: -66.30237
pitch: 16.649853
name: Town2
