world: world
x: 211.0690394212036
y: 85.0
z: 68.41056098544429
yaw: -292.94788
pitch: 24.599985
name: Town6
