spawns: 
  default: 
    world: Creative
    x: -28.041608072269785
    y: 67.0
    z: 29.40449644775041
    yaw: -180.3016
    pitch: 1.6499957
