spawns: 
  default: 
    world: Event
    x: 548.4063421181164
    y: 31.0
    z: -675.6808650613781
    yaw: 21.000063
    pitch: 12.450013
