world: KitPvPEvent
x: -101.15176639102567
y: 47.0
z: -2241.3429910520135
yaw: 119.69998
pitch: 17.550005
name: PvP
