world: KitPvPMap
x: 809.6790647694885
y: 10.0
z: 483.2332188827551
yaw: -182.10303
pitch: 4.650003
name: kitpvp
