spawns: 
  default: 
    world: SurvivalShops
    x: -660.6414290465682
    y: 11.0
    z: 428.4882578890738
    yaw: -269.9851
    pitch: 2.1000006
