world: Event
x: -11.461064939602634
y: 71.0
z: -1.5351465444690013
yaw: 267.00003
pitch: 75.74999
name: EventSpectate
