world: PrisonServer
x: -731.3936717329871
y: 9.153741037984483
z: 510.5846258543128
yaw: -31.49997
pitch: 17.550001
name: .
