world: Dropper
x: -48.04525300134415
y: 93.0
z: 24.552801643402315
yaw: 90.9005
pitch: 6.5999513
name: Arcade
