world: Dropper
x: -38.44921014016863
y: 75.0
z: 75.46799044019642
yaw: 88.9505
pitch: 12.749937
name: Bob
