world: Tutorial
x: 54.76657087039241
y: 111.0
z: -19.530012377351895
yaw: 269.0996
pitch: 13.200014
name: CompleteTutorial
