world: PrisonServer
x: -855.2121112730056
y: 17.0
z: 568.2031092833148
yaw: 3.1517856
pitch: 4.6499443
name: EmeraldVIP
