world: Event
x: 14.428018356070599
y: 85.0
z: -19.446788471380657
yaw: -355.3413
pitch: 6.4499874
name: EventSpectate
