world: PrisonServer
x: -907.7473788133113
y: 17.0
z: 518.8178578085813
yaw: -2.3982189
pitch: 2.9999452
name: GoldVIP
