world: PrisonServer
x: -672.6848673275375
y: 35.0
z: -40.44481769129808
yaw: -268.58182
pitch: 0.6000136
name: H
