world: Dropper
x: -105.07272845316008
y: 69.0
z: -14.813183573248269
yaw: -359.8499
pitch: 4.800046
name: Help_Daddy
