world: PrisonServer
x: -858.5305145721962
y: 17.0
z: 520.5371850946437
yaw: -0.8982239
pitch: 1.7999533
name: IronVIP
