world: PrisonServer
x: -915.7223645121525
y: 29.0
z: 43.51602473900064
yaw: -270.68137
pitch: 1.4999301
name: J
