world: PrisonServer
x: -596.9483325575972
y: 34.0
z: -99.42090342415548
yaw: 90.96883
pitch: 1.1998975
name: K
