world: Dropper
x: -92.42384020630779
y: 69.0
z: 119.4416150984836
yaw: 39.901184
pitch: 3.4499156
name: KingOfTheLadder
