world: PaintWarArena1
x: -5.539318190787128
y: 73.0
z: 24.66392808084822
yaw: -173.25003
pitch: 10.200001
name: PaintWarArena1
