world: Tutorial
x: 29.043442943055155
y: 111.0
z: -19.544909448446205
yaw: 269.40088
pitch: 8.700011
name: Question2
