world: PrisonServer
x: -886.5009056840647
y: 9.0
z: 289.3385025210776
yaw: -44.700752
pitch: 12.600009
name: SpawnA
