spawns: 
  default: 
    world: world
    x: 103.30884994661666
    y: 80.0
    z: -90.46098605785912
    yaw: 90.000725
    pitch: 5.3999925
