spawns: 
  default: 
    world: world
    x: -48.38105038026478
    y: 162.0
    z: 224.02950748404186
    yaw: -180.64905
    pitch: 14.100004
