world: OrbitMinesHub
x: 280.3768083176657
y: 123.0
z: -5.527933709372349
yaw: -271.50107
pitch: 6.1499615
name: Factions
