world: SurvivalWorld
x: -790.502670361744
y: 79.0
z: 2883.411321966902
yaw: -179.9078
pitch: -0.4499942
name: Fadi
