world: SurvivalShops
x: -683.4750346456575
y: 12.0
z: 439.74825656171856
yaw: -323.83215
pitch: 8.700012
name: shops
